0.5
114
0
0
37
0.30120481927710846
17
107
87
36
9108
0.7272727272727273
2070
1680
33
539
2414
7426
-1
2.7333333333333334
67
0.44642857142857145
21
4
1.625
8.285714285714286
79
0.40298507462686567
38
2160
54
-43
0.9176470588235294
154
25
30
7000
74
-51
1820
2.227272727272727
81
979
704
93
118
1272
0.5294117647058824
3
3.8
15
-38
59
1
-5
-18
-56
115
-48
0.7017543859649122
31
0.3409090909090909
11
2.111111111111111
19
31
30
108
7
28
720
4
114
0.9166666666666666
0.5517241379310345
-34
46
-14
1769
-62
18
24
87
0.16666666666666666
160
1.1111111111111112
1750
47
5796
66
38
94
-76
117
0.9382716049382716
0.18556701030927836
5568
3036
1273
80
504
2.1515151515151514
880
58
130
2
117
0.25
1440
76
6004
1
28
49
1936
0.15384615384615385
81
60
149
55
1
42
58
19
74
49
3724
4920
113
1.0103092783505154
108
6
81
16
-23
0.3229166666666667
22
0.967741935483871
184
53
114
1.2641509433962264
57
13
0
37
0.7808219178082192
0.8297872340425532
26
3157
-21
-8
32
117
-71
84
41
5460
38
24
23
30
48
54
1120
28
1
100
4895
782
2.8333333333333335
864
82
186
29
76
0.5125
1.8076923076923077
225
7
110
2
52
0.4594594594594595
0.1978021978021978
46
1455
2.588235294117647
0.6233766233766234
336
30
770
3.3703703703703702
15.666666666666666
1566
0.03896103896103896
37
0.95
0.9578947368421052
78
41
-54
2.152173913043478
50
109
44
1848
1.4166666666666667
75
-33
95
129
1.6206896551724137
175
19
8730
3.5625
952
-62
11
113
93
55
0.34285714285714286
67
1
0.9487179487179487
39
5796
0.5384615384615384
49
0.41379310344827586
20
103
1.5555555555555556
-1
1.2151898734177216
165
66
3705
5250
24
187
40
39
9801
0.45263157894736844
33
140
1.0888888888888888
2660
752
100
0.3950617283950617
2
77
111
5460
34
2.5555555555555554
0.8082191780821918
70
115
45
129
0.09090909090909091
-31
106
17
1716
980
0.175
44
2
0.3142857142857143
3723
6048
-2
-56
32
1550
-42
3
89
27
34
73
4200
10
127
0.18867924528301888
0.3333333333333333
80
25
60
2.3214285714285716
1.2307692307692308
9212
145
24
96
71
0.23157894736842105
-14
0.33962264150943394
111
127
15
-27
-26
3948
97
27
34
0.8909090909090909
-27
79
-17
53
126
18
9
1596
1750
1820
118
3081
0.042105263157894736
59
11.6
2912
-25
4
0.1282051282051282
672
-30
1674
2.59375
1
69
0.9285714285714286
7
53
201
4140
72
-46
1
99
58
5
13
1
55
4.363636363636363
4550
160
380
38
-17
4185
0
0.6046511627906976
61
1944
79
80
53
34
158
0.20689655172413793
18
24
25
0
62
24
24
136
179
1.08
2.6
-2
35
55
16
52
18
104
112
146
86
52
266
0
0.9047619047619048
-16
0.5925925925925926
2.533333333333333
0.0625
0.5094339622641509
4.041666666666667
0.95
17
2820
2.4871794871794872
28
92
6
108
-34
1350
0.9722222222222222
2109
3584
6
7.875
0.2727272727272727
55
undefined
0.6037735849056604
